
Success rate: 0.82
Average return: 550.36

Reward >= 0: 50/50 = 100.0%
Reward >= 1: 49/50 = 98.0%
Reward >= 2: 42/50 = 84.0%
Reward >= 3: 41/50 = 82.0%
Reward >= 4: 41/50 = 82.0%
[631.0, 626.0, 717.0, 647.0, 651.0, 618.0, 636.0, 645.0, 665.0, 691.0, 48.0, 684.0, 636.0, 740.0, 647.0, 41.0, 702.0, 640.0, 648.0, 723.0, 651.0, 647.0, 646.0, 727.0, 35.0, 640.0, 0.0, 50.0, 636.0, 654.0, 638.0, 624.0, 659.0, 642.0, 621.0, 37.0, 49.0, 628.0, 642.0, 646.0, 642.0, 749.0, 648.0, 53.0, 720.0, 50.0, 712.0, 663.0, 656.0, 717.0]

[4.0, 4.0, 4.0, 4.0, 4.0, 4.0, 4.0, 4.0, 4.0, 4.0, 1.0, 4.0, 4.0, 4.0, 4.0, 1.0, 4.0, 4.0, 4.0, 4.0, 4.0, 4.0, 4.0, 4.0, 1.0, 4.0, 0.0, 1.0, 4.0, 4.0, 4.0, 4.0, 4.0, 4.0, 4.0, 2.0, 1.0, 4.0, 4.0, 4.0, 4.0, 4.0, 4.0, 1.0, 4.0, 1.0, 4.0, 4.0, 4.0, 4.0]