
Success rate: 0.42
Average return: 282.84

Reward >= 0: 50/50 = 100.0%
Reward >= 1: 38/50 = 76.0%
Reward >= 2: 26/50 = 52.0%
Reward >= 3: 21/50 = 42.0%
Reward >= 4: 21/50 = 42.0%
[641.0, 2.0, 0.0, 624.0, 88.0, 26.0, 0.0, 0.0, 650.0, 666.0, 49.0, 750.0, 650.0, 4.0, 682.0, 0.0, 711.0, 645.0, 0.0, 694.0, 32.0, 0.0, 49.0, 56.0, 47.0, 0.0, 0.0, 43.0, 51.0, 646.0, 638.0, 662.0, 0.0, 699.0, 55.0, 0.0, 50.0, 50.0, 656.0, 638.0, 0.0, 56.0, 641.0, 0.0, 50.0, 48.0, 658.0, 55.0, 670.0, 710.0]

[4.0, 1.0, 0.0, 4.0, 4.0, 2.0, 0.0, 0.0, 4.0, 4.0, 1.0, 4.0, 4.0, 1.0, 4.0, 0.0, 4.0, 4.0, 0.0, 4.0, 1.0, 0.0, 2.0, 2.0, 1.0, 0.0, 0.0, 2.0, 2.0, 4.0, 4.0, 4.0, 0.0, 4.0, 1.0, 0.0, 1.0, 1.0, 4.0, 4.0, 0.0, 1.0, 4.0, 0.0, 1.0, 1.0, 4.0, 1.0, 4.0, 4.0]