
Success rate: 1.0
Average return: 634.26

Reward >= 0: 50/50 = 100.0%
Reward >= 1: 50/50 = 100.0%
Reward >= 2: 50/50 = 100.0%
Reward >= 3: 50/50 = 100.0%
Reward >= 4: 50/50 = 100.0%
[631.0, 632.0, 717.0, 632.0, 629.0, 618.0, 636.0, 618.0, 623.0, 631.0, 604.0, 625.0, 635.0, 643.0, 640.0, 611.0, 749.0, 634.0, 618.0, 629.0, 629.0, 617.0, 647.0, 644.0, 636.0, 611.0, 628.0, 612.0, 623.0, 633.0, 626.0, 632.0, 634.0, 629.0, 622.0, 639.0, 631.0, 618.0, 627.0, 646.0, 630.0, 653.0, 636.0, 630.0, 615.0, 624.0, 632.0, 657.0, 638.0, 659.0]

[4.0, 4.0, 4.0, 4.0, 4.0, 4.0, 4.0, 4.0, 4.0, 4.0, 4.0, 4.0, 4.0, 4.0, 4.0, 4.0, 4.0, 4.0, 4.0, 4.0, 4.0, 4.0, 4.0, 4.0, 4.0, 4.0, 4.0, 4.0, 4.0, 4.0, 4.0, 4.0, 4.0, 4.0, 4.0, 4.0, 4.0, 4.0, 4.0, 4.0, 4.0, 4.0, 4.0, 4.0, 4.0, 4.0, 4.0, 4.0, 4.0, 4.0]