
Success rate: 0.9
Average return: 566.14

Reward >= 0: 50/50 = 100.0%
Reward >= 1: 48/50 = 96.0%
Reward >= 2: 47/50 = 94.0%
Reward >= 3: 45/50 = 90.0%
Reward >= 4: 45/50 = 90.0%
[643.0, 627.0, 0.0, 629.0, 60.0, 636.0, 622.0, 622.0, 632.0, 631.0, 619.0, 358.0, 639.0, 639.0, 637.0, 644.0, 656.0, 642.0, 621.0, 628.0, 640.0, 0.0, 631.0, 649.0, 645.0, 623.0, 623.0, 48.0, 640.0, 619.0, 628.0, 621.0, 616.0, 635.0, 640.0, 626.0, 622.0, 628.0, 631.0, 640.0, 623.0, 630.0, 635.0, 630.0, 647.0, 622.0, 644.0, 3.0, 636.0, 647.0]

[4.0, 4.0, 0.0, 4.0, 2.0, 4.0, 4.0, 4.0, 4.0, 4.0, 4.0, 4.0, 4.0, 4.0, 4.0, 4.0, 4.0, 4.0, 4.0, 4.0, 4.0, 0.0, 4.0, 4.0, 4.0, 4.0, 4.0, 2.0, 4.0, 4.0, 4.0, 4.0, 4.0, 4.0, 4.0, 4.0, 4.0, 4.0, 4.0, 4.0, 4.0, 4.0, 4.0, 4.0, 4.0, 4.0, 4.0, 1.0, 4.0, 4.0]