
Success rate: 0.9
Average return: 571.26

Reward >= 0: 50/50 = 100.0%
Reward >= 1: 47/50 = 94.0%
Reward >= 2: 47/50 = 94.0%
Reward >= 3: 45/50 = 90.0%
Reward >= 4: 45/50 = 90.0%
[630.0, 605.0, 0.0, 622.0, 63.0, 672.0, 620.0, 621.0, 639.0, 612.0, 627.0, 712.0, 634.0, 650.0, 625.0, 645.0, 714.0, 618.0, 622.0, 633.0, 635.0, 0.0, 624.0, 642.0, 621.0, 618.0, 617.0, 47.0, 638.0, 613.0, 608.0, 625.0, 609.0, 630.0, 656.0, 624.0, 634.0, 638.0, 622.0, 643.0, 613.0, 655.0, 615.0, 616.0, 637.0, 638.0, 619.0, 0.0, 626.0, 636.0]

[4.0, 4.0, 0.0, 4.0, 2.0, 4.0, 4.0, 4.0, 4.0, 4.0, 4.0, 4.0, 4.0, 4.0, 4.0, 4.0, 4.0, 4.0, 4.0, 4.0, 4.0, 0.0, 4.0, 4.0, 4.0, 4.0, 4.0, 2.0, 4.0, 4.0, 4.0, 4.0, 4.0, 4.0, 4.0, 4.0, 4.0, 4.0, 4.0, 4.0, 4.0, 4.0, 4.0, 4.0, 4.0, 4.0, 4.0, 0.0, 4.0, 4.0]